19.496516289742452
13.952548315447677
16.08899739271039
9.454887877827023
14.491889933743245
11.977156713404318
13.402019325594274
15.815590422492392
16.452222005262776
52.36824842501764
14.182534109685365
25.03466716675547
18.515046101638486
13.266102382180094
14.223948464625753
78.31926027504947
19.19199136436971
9.24351303384543
13.079304546745387
14.29431054515371
7.779804389548399
14.35884365628361
16.687272331109575
18.566143287745742
14.553941972423434
11.92185412166622
15.921146771778458
23.142414928067243
14.48974059532004
75.54980112209377
14.625387743907776
14.452474417741703
23.208077671308356
11.714160391729385
17.380781347954866
69.89964507816623
12.354630197457297
11.173414000936583
19.088014428242026
22.502410463436444
9.803676928402405
16.23995679361366
14.266374243379234
16.02891864080158
16.261313565065542
14.439130415690826
17.9806786015517
17.96516003899697
16.287522964332616
15.636961190897516
11.898112854559768
15.74413706993889
10.588695167056663
15.000137359597874
15.705094587191715
9.592463988231836
8.685966306651904
29.87741992405155
20.890026653819767
9.484382310841664
19.434713734626072
17.29821925424787
23.789863705942977
16.421410830485907
9.791407352971975
13.335800695090745
9.369362833197927
14.044223017063153
13.406208657566605
22.98143394839648
7.814986214049933
18.87001956134638
19.776166895610157
12.741717523271312
28.04080674201014
11.690957159366953
10.301734911215439
9.012313962998357
10.174968100919548
9.789893748886938
13.222640974701791
13.381988438799137
75.519884359622
12.75953018783678
10.321007891871412
10.537374594129236
16.42776736268481
9.375867051756517
7.826308126473691
11.685217694503702
15.588650475636312
17.245958228655873
12.554491497018212
15.6662446548747
26.413228512275815
11.290492807649457
14.520752398181687
17.256309045118137
15.948667622902652
17.944910391235823
15.946985322570546
18.374707938784
53.93183194631647
18.349726107298487
45.4102462581898
15.898895859092264
14.530091987971563
10.596196694288844
18.851652523513724
6.798530652683823
28.508070687951914
16.227837360129065
17.276503823670062
12.472958642046565
13.161865885189421
12.698099017020077
15.371968169789554
19.32699002001356
12.922518611305573
21.278826480241896
20.06932305895014
19.73814877861102
14.013963600177393
18.047262280348882
11.773126630955844
7.620654291812103
32.81124457446979
16.683743109150583
18.72412040229568
11.394697295748308
15.353208521936272
11.042275984451608
11.08633580007866
11.298259741311671
13.273410898190505
11.205822442050026
19.887020939750883
33.14926201565484
8.64388658831781
20.609023006042513
13.131306192382679
12.407160992037705
11.572304078256543
16.05066462877985
10.26823312351195
11.177819310496186
14.516459210290558
15.950296847179697
12.352970481995236
13.970718185521136
19.315998263326
27.692465021868795
9.79661834900143
34.02274944447047
12.341551336292396
5.931909818324401
23.337543598056136
10.181800313270193
26.740756862125757
16.478739940005305
17.6353280194102
25.1541725509348
13.623929600421727
17.376979543349627
16.672221372242202
8.76062390722308
13.280316624967279
18.6663138275346
17.835548319508963
19.684463659795924
33.95832438201202
17.37343854189603
13.347282254844561
22.685402597345707
20.827418334089288
14.33275242044287
13.914074640350549
11.942631882987333
22.55799542011441
18.63000962835141
15.50003839590918
18.094965463004087
14.890731911257467
68.7394696433388
12.213554889897509
15.461044172215699
10.705874587384736
17.899801060217044
16.7448942994439
19.20375753850447
23.45678723528802
28.390406448705097
22.564451800642935
15.474681487105535
9.001008348043529
16.733321716019567
16.23285175205516
21.550326550973207
12.848977296909512
1.9628756561017635
7.717003969872431
16.231368203967502
13.36690925546634
12.228936758681108
13.152652366541293
14.99483130252683
17.655634962158135
16.09578559326831
13.107908655030123
7.898677945365433
13.955796701461685
13.829106479132633
15.080140927871266
13.494953697309864
10.087426578714718
11.218473643549816
14.303045479276584
10.294319144408304
36.732014723968035
16.105713468165455
12.841927828870894
15.314993626209645
11.670631962378959
10.663186299175962
21.087275021793417
16.51100850771151
13.162059868657607
24.311292892825797
23.695850666551046
7.705703553261101
8.76563933937721
16.220540109876396
12.470272325895957
17.03874198444457
19.931979124542927
11.110842462386117
19.476553771077807
10.121257360130098
17.896030626011388
11.854155649142673
11.786199684745258
14.870830661672194
13.173405181024513
12.452415840520823
18.239125321544087
26.059608842684952
13.142661048085085
14.31873799258593
33.87168441852141
16.743276539893557
55.16294322842028
11.555621745855449
14.360614149667654
15.886212429961537
21.10341992966245
18.188643521048704
12.67384256128679
16.208671452876313
11.097998432321408
14.147600577932673
13.72918685826198
15.944412483945785
11.24931151485109
10.378423020724874
12.834898775337411
15.16092260539744
15.442833439391954
15.538726293293825
8.295974306105682
18.67241241925937
12.636430475292393
10.351693382127678
13.134731458505104
19.889053143302597
23.901042138780184
9.855290058641968
12.504013345911238
13.218762426480266
11.345655006439594
16.336941989838564
46.94609859073746
11.912553594325557
12.675729663160249
14.553404101825791
12.8398506612589
9.807651489810647
19.461149444624326
19.715055704438953
10.272196741398254
22.69195499950677
17.139903904663623
8.37502913425622
13.851846141930029
11.940608500685252
59.89086277712131
17.623581316664605
12.642184832120487
31.887171292786363
14.925109179152667
16.9473442855124
15.25536622886432
10.38055512448457
18.473480550517422
11.284558938506626
21.67181445304939
23.32798612391386
15.949952631935576
14.816774713039917
67.43888949904856
13.5908479983555
7.969402100002778
14.35505371331205
9.124977320092125
9.601371518291302
11.596990138316183
9.709176094367598
20.24192595723674
5.994997298879223
14.159134557848061
27.00266136291728
13.475146798224351
15.665185659183454
16.18150105275374
11.778452082372821
10.250128251474147
16.94363740007627
24.943828641240103
11.642175849614418
24.605664091094308
15.45729267394746
26.042264305962874
13.748002540578241
13.309088852855853
13.578454801995674
14.489119710046818
18.8943880636522
8.039730221059589
9.201755786455426
17.569624045056507
31.293528679067535
6.494710611863681
16.042343076482517
23.48931771626125
13.400066347139967
11.906146805341873
14.66992500348339
14.928737217089587
16.208184389026215
10.34739772141478
12.044948773383313
9.3045675058241
19.637505145655183
8.295632836940676
19.81808976092588
9.929086126065743
14.37710318536971
14.683159572939735
20.274210816340073
16.951550793520546
13.670286488147667
44.63484647344603
17.554307633768857
66.90945795893418
15.719692951810789
11.157424058418384
9.446402512075416
19.97425800827272
11.07820173587121
22.193015923277557
12.31648865056636
18.233380637060705
12.439032484755135
8.208671373200671
13.949140368549209
15.177542320131474
31.8114506034792
19.738268790054025
11.496850975469854
15.71557258962847
23.0279270490254
9.317091459571643
10.454314389316313
9.924943982675636
23.571864956485634
14.593393600772027
11.721367286917799
12.152154525780405
15.470173803443021
15.53614159212322
15.187276069309803
21.748506956035136
16.917728093407874
12.910906943613627
12.064125698231392
16.368396558441248
28.354194256473846
9.835814860550318
11.19274352946995
42.25773155621443
14.886677854979027
25.22048191246057
46.38940869130688
14.668754712044265
10.606414758144167
21.444117309149284
15.405194234133983
16.650533575141722
16.434722633128935
13.514366152407673
11.132206024501965
17.065233774812683
22.55814938637064
25.38590683349821
71.74682318448104
15.694079852126235
13.727364608188823
15.362176465054622
13.362189866373075
12.679015242533573
7.285174326097952
20.411384178495773
16.774411579204312
13.313943488231432
8.779467418959479
16.54294715428099
13.73350088048011
9.736699542218519
21.879157998508376
9.85446405051861
12.385049422877694
13.731319036432739
8.5614473173833
12.371606023870543
15.148432730525183
16.55839191041112
12.72806841097748
8.451710697893606
15.389932480321074
30.406560360383963
14.357282141746568
34.43067506590851
13.458622355042031
12.430308939089025
24.28084613190581
12.099196579422067
24.181658939501336
8.360174671508576
17.383280732410054
14.122148519827462
15.065232250869043
7.591449744747312
14.591767225116481
17.715863220707
41.23838059588991
16.83234514825064
16.302785169275317
8.121451139534788
24.64145469985383
19.107712211437118
12.867303593314903
12.297984098931902
12.032314785055629
10.177417762307241
16.657378313574853
16.669680180749474
9.574359416058398
16.13928083287795
18.070917086974852
14.734421238777937
17.685328342470612
9.907256279358663
11.016281602318854
10.202960566484824
24.755660913701234
17.95055701304633
11.824977756034176
17.288914510295932
14.676191187209486
15.092066447405958
20.22932161548349
10.625337561124839
28.142401336275398
9.476824860095983
17.235504559625525
19.43333628954943
17.45441901472934
15.908265767965517
14.910460539007557
11.597625563980731
14.937336232435268
19.98786051289459
17.614678997944104
8.983229823096348
55.99164681168827
50.31058599172529
15.935083938197954
7.694283237569337
10.580346084852934
14.463654903483123
15.635431246227762
13.838942564010361
9.350885091221306
13.164757280892863
10.73874394549624
14.04288934895579
14.008563281534654
12.638529686546658
17.954882802200753
16.390851064827068
11.900216570980922
21.49716373809384
23.79578315042724
11.265258551880528
16.216066524997732
32.943177197876636
18.636972106271834
14.856374296312929
66.93426668040723
11.867126765176854
16.076730924905576
10.854534376685034
13.389497669132231
13.183772003298397
13.437190584775331
28.455097431889335
15.565795317390165
15.846025375143578
24.61647059210179
13.618655131978068
19.46432353532355
27.819848764217696
15.943956571214795
10.526565167770565
10.056323272105407
22.45902239445065
12.86727577284406
10.535145175941398
11.455698907998233
1.6890199559361996
13.281155797722883
19.83806797487084
15.706121860487023
15.291321911130504
14.717597884894609
15.06453509986505
16.5943347733106
16.82145759097537
8.312816029391454
15.384345968711681
18.116414652577426
9.072396222060712
13.577673676614488
20.023057397336387
17.497840092094272
76.30313542209335
13.020779833741969
14.394828844587071
15.733559646297337
27.54791637850845
13.166472494650128
16.90387837715189
16.863025975171855
67.69342913967348
26.40009584073404
14.995884987991586
13.718149618036808
70.47372588219167
18.52771172464636
13.379218640944366
20.715761849740026
13.502760405995113
11.245323410348815
20.627535275878213
14.254890911371971
10.00964479010702
9.505141107944963
16.992461537357677
12.941608482345908
33.884733745216955
20.02528512353619
10.781971761125488
20.36562833663905
10.439508584716641
22.203892748432523
14.447236676413056
12.753711466930904
17.26802391147535
13.38490758996084
11.163956816647183
16.66340351395336
36.399834582598515
17.718386785783864
11.298819398428472
13.505097514954105
15.514883408939468
7.095042741379682
11.554826369079265
18.313846292948462
18.431035883984748
24.94467344764069
17.899195987857787
17.14740005451972
9.21014860997615
13.404036665947032
21.267565703321303
13.89744594536074
20.700860569905863
19.83905292068784
13.187772079421292
13.044203330829633
12.951131360375099
7.804934561144821
18.320718420797686
15.438985085632941
11.461454841858343
16.414718941547648
21.97394540365501
21.451120011304745
26.21994649249139
14.882347407314764
10.52898433123266
12.165841956282568
16.25263517874788
21.681491586963297
15.850921532031261
16.49619042432694
11.290419180968092
17.032114336483303
9.498311886600472
13.13135853282704
12.701248137357783
13.968969163510883
13.594065023747106
15.976667159513198
26.272184219675232
10.664458678834876
15.231301732813591
11.227173620858713
10.350243530551388
13.558044515625056
18.169025760890083
9.917035313289393
13.066169127836122
16.117091496714664
16.74478504965208
13.209876620080934
17.223268517342536
9.583617070995905
23.93481186272726
8.68123671163687
14.89820584516469
73.05791489435406
13.442183547002298
8.854763293449261
14.738721363601162
32.25836351825767
18.7841182701324
7.465333000944625
17.956507023933383
8.41879705335736
10.881566631954529
30.018783130368128
15.713382670990255
12.33950490044693
10.049176945020282
8.967249730105165
19.90487473364511
16.771608872601007
7.998366973854525
10.21699633537529
17.05650168640423
24.606679131084476
15.565443629775686
18.728675088539283
21.975089179547275
12.230036867748755
18.500486462190267
21.49005164024104
8.914082410076016
14.332542040959435
25.682910697551115
17.407653323279064
7.429264050482756
11.022856087336477
10.084751349873633
16.158514073309263
12.533520531845923
18.455873100596367
13.13069492684872
37.88943625045272
10.84974163649652
12.098217551697985
14.864723085132336
12.197320156422746
11.067363771345313
19.738321060459274
6.612230836424962
13.183851559744308
9.9389027614271
55.84249950838391
19.98004464741946
21.062228030934918
22.843958562229272
15.424816560514607
10.400533920955324
11.956206019264544
13.716752941455956
11.468742598102128
11.762355545255918
16.28534235274752
18.96567568297982
16.51825457490861
24.17810165967598
10.969174190365445
17.392218399815597
20.395608241495154
13.058657274583059
19.75556474898368
76.90558178408129
14.128520040378039
13.173946016472948
15.800085496696576
15.050123316346475
20.6417176304433
13.733913304738588
10.53515101557787
15.467229387514658
18.765577244679548
10.906743421355287
15.897019242006127
15.39756200858693
17.0058055214845
8.887740211063626
15.949726869524534
16.85552256617192
10.723505977463663
23.73901662788154
14.298367405841637
12.41984352919797
15.305466415048112
14.764147481781569
12.017357956307553
21.70574057398653
12.232470112408613
14.239009662388549
12.772154542048755
16.441198472901625
13.473607263933935
30.47407263176943
18.298214598428537
8.810477503070793
20.09203882057527
9.134329067831564
15.455612077248286
12.513020430603383
16.757588256225063
12.316837633263313
24.965592110776456
19.404308627869725
9.631331235963696
58.40699835242711
12.401904461729893
12.684946233698096
16.705396618675064
9.006639394925813
16.57742708382613
15.8001132014157
12.776806169811321
24.874040369798223
17.659835147332565
18.439374488626896
18.168553672824068
16.05501069811062
20.417068303474927
15.948776159512521
10.412084805538342
17.33189615674422
19.98153828903268
12.109875109511048
24.600829384856908
11.371611680758482
15.355113562031235
14.251834677005473
24.12183937244965
51.27346553016253
16.7989137735678
12.929807185399795
10.196840005792893
8.009490922066513
14.488729996184944
11.770737291636255
13.318744810966425
12.106395755121957
19.293609842715043
16.21333217822115
16.958493601815753
18.97514121368733
45.19449291246075
25.18996014409643
10.531271564939102
18.845697163167003
7.860810013936739
12.53758211848389
15.96952583397111
13.223673763553556
25.57923980034925
17.64265345705961
38.726093063984806
11.42095703665266
12.63511005232595
7.6449736164031545
13.85268612991128
10.490454089699348
17.977059979689585
21.09593886774774
34.38878984420954
21.25983815662691
8.72197165553473
16.572329065945404
15.926774222107793
14.193100828488578
16.871893630060228
14.05809414651098
14.135228420399484
12.145699297451031
22.856307157984688
13.93230260497658
13.420504388641108
19.087683181613677
10.304483900560921
7.999972212128146
14.095780931804933
15.21137662826586
14.05009020143388
7.579225578619271
23.20610588375154
14.319370066421149
16.22631242491318
18.900239868054083
10.084560257092816
23.772148002080186
14.694464810852148
15.073904879948223
12.962977373614342
10.570600718174807
17.207270959270595
17.415326225673162
18.49134477645162
16.611256991537722
16.74741527481869
22.65839717165207
18.936960359891685
78.792412989802
14.661868397300069
20.21007096945052
12.202120919941919
18.09013599610509
16.249431768965856
20.26418521367215
24.868121915827768
22.95749911464042
16.66886384967448
15.920111644361459
23.099212089329875
17.192318796839857
7.942312743261706
23.432353776721495
24.049149073705607
11.61778590509189
17.113853695010572
14.701467336871694
23.59471380363494
8.565714142943337
13.435412535981284
15.7884628454421
10.0512535211994
17.499724747663457
13.389302327203163
16.55586633056825
20.545524890017823
22.178418869837124
18.65087694873597
25.026813142166134
5.8811713258434395
25.807791095717832
17.61105122920967
10.016896716124677
13.731163338138828
11.960155886565706
10.5947242437614
12.513525406044463
12.287547021574383
18.116943988158134
10.80429052450639
18.830270159306444
16.17084119498876
16.9623484433328
9.53921094045099
13.198218684363408
25.513230207565307
26.70292853458548
12.45161629160382
61.09139959058035
14.349513032023351
7.6193595230007105
16.63193125193419
10.537503883493988
11.628785588330679
11.433207941456347
14.465509888932377
14.184000625190905
17.99281910825611
11.730423061693758
59.80586880448705
14.666904790111692
21.552911858055133
14.195405003013128
23.13286042137264
13.728840321386429
10.991691473170135
8.917270558668493
18.438792384880962
19.00819086014031
9.34477717745228
46.37469076987941
20.354495382125357
18.914230439679514
14.525723144798786
15.676604640204674
10.323109005762356
12.007015709733135
17.14828329313392
19.58805056113439
13.344279056317045
12.314406893202028
13.966934920946121
10.82090585957042
7.474082089922334
16.028737468623913
16.98860374028449
15.421224992392188
11.98894968369375
10.846929296534471
16.8340494042668
15.617541725984125
10.609171772403805
19.70994620473979
14.552016062791315
5.685848106214753
11.607375344100817
10.786898597612051
17.079501036402576
15.450419561442592
14.414658740999808
11.221291573182937
13.471428525566926
10.655575479417001
14.872952733935234
17.632761856036588
16.878365479693088
8.714926300738455
16.00639920319855
15.501981781261556
8.38054203987273
12.000823332734338
9.2570840217837
16.100402203174884
8.461326139024683
18.78875522935666
11.57014700351123
14.992670764213463
15.977723496946101
12.519710971212428
15.193412305504577
17.065938935489573
22.375044367428742
17.777182037709416
11.785496658982062
1.616957232263383
14.741467642472834
13.2323001601275
8.877987784523613
13.67398484700896
13.501148818012174
20.890639112319107
20.91738059790601
20.873858705923134
19.300646052313944
12.477054523230944
18.345494773992126
14.332829919995227
25.398117160623617
16.417516806828232
16.730142989282186
12.556714212631315
15.27341487375197
10.028889071730358
9.69192407824437
13.542558234305693
14.20728616084265
