13.37
23.55
17.4
15.86
28.34
9.97
14.75
15.78
13.97
10.86
10.86
18.72
20.26
18.14
14.2
17.26
15.57
20.08
18.91
29.47
10.32
10.77
23.48
13.2
22.03
19.55
31.05
13.72
9.81
12.68
16
15.6
16.33
12.71
42.01
13.67
14.86
14.35
13.71
15.23
12.32
12.95
13.76
12.68
24.96
13.62
20.76
14.87
11.93
14.36
23.47
15.88
17.59
11.29
19.55
13.07
9.04
20.08
22.14
70.54
31.79
8.31
26.56
12.07
13.21
18.08
12.87
11.93
10.75
10.43
17.67
12.93
16.43
12.97
15.09
8.69
15.99
8.5
19.45
10.59
15.48
11.26
17.39
8.41
14.49
14.97
17.09
19.82
12.43
9.23
13.72
9.23
11.05
34.3
13.57
15.14
14.37
10.72
29.22
15.2
9.8
23.73
26.76
16.47
30.94
8.77
17.93
16.48
9.72
10.95
10.1
14.55
14.45
13.76
27.62
12.49
12.59
8.73
15.45
16.07
33.26
23.84
23.6
14.98
17.62
14.48
21.44
12.29
12.32
17.23
13.96
17.06
11.19
9.72
24.24
17.43
13.49
8.63
14.06
19.41
36.33
17.18
10.14
40.85
24.15
15.73
12.01
17.73
14.61
16.31
20.66
16.4
11.43
14.21
10.75
20.01
14.5
13.63
13.53
11.7
8.89
22.52
24.9
10.51
25.38
13.71
13.31
20.79
18.72
9.33
29.34
8.82
12.42
10.02
18.41
9.66
22.7
26.34
12.16
8.93
24.55
11.21
13.03
26.55
23.5
11.85
13.47
13.25
13.92
8.92
11.68
10.74
15.74
25.66
39.49
22.4
9.53
12.68
11.46
18.18
12.73
17.66
11.16
14.18
13.84
17.19
15.19
11.28
11.62
14.85
14.17
21.66
59.64
17.27
10.54
40.88
9.7
12.09
9.32
45
11.56
22.74
19.81
9.92
13.36
37.63
17.35
31.45
8.75
8.6
15.14
19.65
13.38
14.02
23.42
17.12
19.3
11.68
9.61
13.85
20.15
19.73
10.32
9.23
34.11
12.95
36.22
17.2
15.66
8.99
21.54
10.67
18.76
48.13
19.66
23
12.05
19.74
15.19
12.25
19.06
17.63
20.99
12.42
14.25
11.19
15.23
23.29
25.39
10.84
92.95
8.77
12.34
21.99
12.37
17.32
26.06
22.13
59.55
15.27
13.55
8.26
20.82
13.49
11.51
14.14
14.26
24.16
22.3
14.58
12.12
30.87
11.99
11.94
11.71
18.87
13.24
10.38
14.63
24.07
10.45
8.98
19.53
16.61
15.47
13.89
16.38
15.02
18.2
25.41
16.14
10.47
27.35
18.85
19.8
19.17
17.61
11.65
14.56
22.15
8.8
10.67
25.85
14.43
21.86
12.03
10.74
13.98
17.49
10.3
20.08
12.36
25.65
11.01
10.19
20.49
11.38
15.23
33.83
18.45
13.47
13.04
9.23
41.37
18.5
13.09
10.42
47.26
15.85
17.43
12.1
18.21
10.06
14.81
11.91
11.27
115.99
11.75
16.71
8.88
20.13
14.05
17.64
11.34
10.39
22.15
37.79
14.48
13.55
12.07
14.91
15.35
12.79
11.41
16.31
10.87
14.61
12.32
12.01
17.18
26.55
18.49
10.24
13.09
15.27
11.87
13.34
9.88
11.39
15.58
17.61
9.03
17.13
46.04
12.39
10.75
21.95
25.43
20.82
10.02
15.38
19.06
14.28
33.57
12.55
23.49
19.46
22.7
22.01
21.15
25.17
9.77
14.57
30.81
13.6
27.57
40.38
13.43
11.46
20.31
36.63
14.87
21.69
32.05
16.93
16.47
16.85
10.7
25.2
23.69
16.47
13.61
9.09
22.82
14.96
13.61
27.48
10.84
9.71
17.52
8.12
17.03
12.3
28.43
15.71
15.35
12.02
18.47
13.66
30.95
10.88
8.51
11.12
18.54
8.94
37.79
16.69
12.13
19.45
25.57
11.15
10.84
8.32
16.72
13.53
8.22
12.85
23.05
15.3
16.6
26.78
12.55
10.83
11.36
24.51
13.54
12.05
9.43
13.98
15.04
17.2
15.56
13.02
19.71
13.03
25.74
16.11
14.91
9.05
13.02
15.95
11.29
9.33
10.52
8.83
16.43
22.4
22.28
13.71
16.83
13.72
11.67
13.98
15.94
11.32
11.55
28.56
14.26
16.21
22.74
8.81
13.66
14.58
11.3
11.99
11.46
15.47
12.47
18
17.56
14.64
16.86
20.65
14.64
17.28
18.11
14.56
15.46
20.19
8.91
23.6
16.47
18.36
15.77
78.4
11.96
10.01
14
12.69
44.46
15.06
18.8
13.83
21.61
23.3
17.46
45.1
14.79
14.9
11.27
24.08
18.13
21.74
17.72
16.4
36.1
14.48
15.79
29.39
18.96
43.43
15.56
12.14
15.06
10.27
14.06
29.03
19.22
24.43
20.85
29.77
18.54
11.99
25.49
16.45
18.6
18.4
12.1
14.79
22.98
12.25
17.17
19.64
16.61
10.59
19.6
14.14
11.01
23.82
14.63
27.6
15.71
8.51
13.39
15.26
17.3
27.58
27.93
13.12
12.7
15.17
29.66
43.45
19.88
11.84
12.34
8.93
20.44
23.01
10.01
17.94
18.25
14.17
10.12
10.1
24.29
16.17
33.13
10.23
47.77
14.57
18.72
20.07
13.43
24.39
13.09
13.96
16.96
23.21
17.15
27.64
19.56
22.94
12.28
13.2
21.06
58.38
11.37
27.86
8.7
18.42
11.28
9.1
21.56
11.8
20.81
17.88
19.25
10.7
9.87
14.24
15.33
11.79
43.79
19.36
28.35
14.68
26.88
70.92
11.93
27.67
11.38
20.13
14.34
15.72
19.16
18.88
57.17
18.14
20.48
30.12
13.4
15
23.79
26.49
12.74
11.46
17.67
11.01
21.96
12.53
45.04
21.29
26.91
20.15
16.83
20.04
20.46
15.43
21.62
65.06
12.54
12.53
19.82
8.02
20.07
13.83
14.82
19.34
11.73
9.21
16.7
18.16
22.95
14.4
10.15
23.95
39.25
16.51
13.74
15.87
12.65
13.04
11.06
19.42
10.28
16.97
11.93
11.81
16.6
13.88
16.73
11.13
14.67
40.44
14.17
10.48
12.6
13.7
11.65
14.07
16.61
16.81
15.57
11.55
9.56
11.16
12.46
11.53
40.15
20.88
16.04
94.92
15.02
15.41
25.4
19.85
11.26
34.56
11.5
20.59