9.00161018918
16.9578701795
13.1864777237
9.31948240906
22.9774129662
27.3100434503
10.8840463031
22.8185838877
15.8373585901
15.7763434648
14.7546613705
10.4400615409
8.73650176921
17.3295357413
13.2042274482
14.3510658938
11.0783355042
39.8856414727
13.5756529702
10.7366932836
11.3853837388
8.59211523132
10.7270160166
16.7232824723
44.9826075958
17.8126986022
12.1156807146
10.9852592318
28.2332320048
43.846413423
11.666366417
25.4228319558
25.1323371101
10.365743059
19.8972891506
21.7774940734
29.4995453217
12.1928188642
25.536022267
12.8100006244
9.23408196846
29.2595828988
7.05921106959
16.4148695353
12.1256621751
33.41881684
8.45854969779
12.8363079995
14.7343973224
21.1139083945
14.2203717006
10.766318166
28.0498348629
7.51633840652
17.9564080479
16.2241258179
23.5843392278
9.98742205359
12.0609323135
58.7716651767
19.7136363563
8.73735344815
7.25191564212
17.7278553667
36.716259628
17.5951582601
17.6340878936
9.83392808721
26.4391172122
13.584396486
14.2023893837
15.9824749142
12.9963336145
14.6830744648
9.35116533462
12.8910122902
12.7934737825
7.28809477417
13.9507701668
16.8945623068
14.6805335992
23.83689717
21.1693885871
13.8871920944
13.0504975454
14.4816370048
19.0110257566
24.0441722578
18.1529353405
10.043818763
19.520797659
14.371210263
14.3186828782
17.653074447
42.8049058557
23.0870593956
23.8432858138
46.7800502539
19.2863544328
20.1575214424
28.0728848256
14.378764502
10.264438695
10.3589350097
17.3575649339
24.4065524764
28.2875503131
10.3038503986
7.18614911584
9.06534925991
18.8425394579
10.0998261901
18.5881154825
12.9726532128
16.5883767041
11.5878155211
11.2210493212
20.268223282
27.7888850866
20.9049187287
13.0878109433
39.2947528156
9.13856423694
10.816578166
10.6623065998
13.4904844878
11.8991643809
13.1562394374
10.2018913692
57.7368886347
7.91335661377
11.9186340765
10.1988094574
17.7254213664
10.8231224458
22.2243158084
36.6964628129
12.6856810998
77.1297698961
19.5077581278
14.5784382395
11.0918377902
14.6068803112
11.1872352503
39.7854698812
21.0889228822
18.2965935689
14.9210256433
11.259237471
11.0647660512
13.6451080551
8.07078266848
10.5326690587
19.6728876332
16.9252107089
12.7188584203
10.3236814114
10.4470137903
19.8852854785
19.4162160464
8.10582855793
7.20645472449
24.1106742724
11.5285543517
20.2896773098
10.3080615769
12.6181920889
14.7416187785
7.53180607223
7.78697182609
14.8878538626
7.03360383456
10.4052669086
13.9037648048
12.8401400127
9.07435949888
16.7926326806
18.7276665214
12.3739695447
13.5154488583
15.5896364415
10.2097153911
20.0811865023
13.9539335798
13.417468768
17.2756766134
11.7186027352
11.6785026961
12.1459165098
7.33748760372
16.2124077886
13.0702657691
16.7450496332
26.3338350925
12.9984248896
15.4284782026
13.4296274252
12.4436373849
17.987482187
17.2177108785
8.90953242975
8.88296606493
9.892498175
10.5805118831
12.1062008204
7.78625690716
19.9856962428
13.7712589782
24.6464338248
22.0823083763
9.58312049263
7.4477787482
14.3033298565
13.3023575578
14.635357401
9.99105677363
12.1061672711
7.00111719282
32.9448058562
19.5166845663
16.6336239545
45.6864311597
18.6003491272
14.5062222325
25.5901931504
11.8365105184
16.9270121904
69.4647101603
11.4001176944
9.43952097587
12.8233835215
21.0537013445
14.5317411677
12.5596785664
21.6593556925
17.8670348069
13.3469044933
15.6440720551
17.1201220368
17.7204041348
16.578662452
15.673476458
26.3723884609
10.743929041
12.9070183259
13.9850242048
13.5850079895
13.2250627713
13.664519683
10.4521996197
13.7001729419
18.6044372729
12.3255011227
24.7835709446
13.5308829498
11.1967709196
21.5930122225
7.7320245589
18.5944703711
11.0928406818
13.5601945498
8.45978220093
13.8041858755
10.8728688166
17.7710533636
23.1577874222
13.3354732119
10.2776797692
22.7244379716
25.2241943794
9.54441671937
13.1965245044
7.38707649182
12.348977845
23.8447826757
12.0976864857
10.4584260751
16.8534718489
13.6185641504
7.11425138264
9.29937110044
12.0586427174
10.3634375652
14.7474885002
13.146815448
12.5235871593
9.04274688775
9.02880201455
19.2700728061
7.63234348107
47.7648416101
32.8564521788
11.1944813407
18.5512273637
15.5207567264
16.6571374913
12.8633440634
33.0941450526
12.3779577198
9.81321532024
10.7100720794
12.5284520425
77.5105114194
13.2977045691
39.6152291772
9.81530307962
16.4114009796
29.7381861754
12.7929811641
14.3704241278
15.2926502076
11.1893032768
42.975070685
12.1405863827
18.5338535273
17.3808438571
57.4658463288
11.6097679956
25.8345742392
13.4936329893
26.9898021871
57.7334469347
14.4946139356
11.2218227182
24.8874528436
19.0902015513
12.1949453608
17.9267118405
12.2446641251
23.9969304194
16.5781544553
12.4607266665
11.6943263801
11.3233120343
17.824066534
13.4824778586
16.6353272951
17.9582748307
11.8963958221
13.1470715611
14.5379997755
22.2598103992
13.1906290537
19.6124545818
9.09508663278
10.8331897465
12.377900196
10.9128494711
12.4833545616
13.1651593092
10.8968681396
12.6835616514
14.9614393454
25.8943904226
23.1932924894
10.7911568901
7.28547222875
39.4048458001
17.7541932982
14.004451576
45.2307662082
11.2471318859
21.5028179887
15.4385622815
17.6584621714
15.9547690931
14.3504701724
15.5496593694
23.8352831032
17.2205947858
13.7452602837
11.4445993001
15.5519777829
16.4437287107
10.3728897087
21.2948723568
12.771256672
19.0231698902
12.4189352097
16.8579747587
11.1688408406
12.3965192932
8.95838245009
8.39368751092
44.0559616425
26.4899189227
14.1045824657
16.7310977965
77.0165790621
12.3140108276
10.8647901646
8.49222170932
11.8106935468
20.4939639325
8.28074447037
15.9618686152
13.4306411692
14.5717217546
16.0048483314
14.2071180659
17.312959794
16.4924476693
19.4173923285
21.8888518369
13.9782691728
9.3430668487
21.8942494525
16.9959552206
15.4771610838
12.3510025114
12.2811013428
30.4757828962
12.7226968963
12.637547812
12.1402033996
28.4855922728
28.3079961883
9.08148083592
7.97771002375
11.1372486712
10.0210596016
10.7218068664
12.4028755877
7.19864589094
15.7329660153
16.0438539644
22.8788735252
17.1477932618
14.924998903
13.2229918167
12.0473204729
22.7637071969
10.2268704969
18.7172610541
16.2784517644
11.3774083906
15.5221395717
24.9706858839
19.4537919976
15.7768239316
23.8806321174
16.4344092138
19.550780319
11.8672396984
13.2763185867
8.56203032939
11.1860971466
29.3100897119
9.70189252028
14.232300833
9.37958446978
9.41935606847
11.6303753287
28.8509012468
9.05957987958
16.8093352883
14.274416442
29.8584205561
11.5945972928
19.220392645
12.5199744143
14.7749480971
22.0711210472
18.6869877683
18.0692801599
13.3660855358
21.3077398015
10.6433445091
21.0472993684
16.7358687995
58.8500395259
9.12942990603
17.8669073669
7.83802311455
11.6356449741
14.7822730692
15.531540163
31.1578058144
8.373113615
11.0129990097
12.0331866244
9.50351584681
13.5082163695
10.8604541374
14.4094278987
11.7057540141
17.538314765
17.07034115
15.7176833209
18.5226944289
22.6503857615
7.11532668915
18.8324875552
15.9113757656
15.7521654173
14.0728484597
11.7651428598
14.0457795446
42.6275233893
7.82836101835
24.8285371539
8.02881944288
7.31844197574
9.64571102255
11.2013932168
44.262680453
11.4269210687
10.1407869935
10.8410788595
16.3622682232
18.1130623705
10.0114336548
11.8622408768
13.7612818366
12.8204362595
10.0133338199
11.7758451651
16.538756253
12.1358192682
10.9650789082
19.1629679459
20.5169299448
14.2980654
19.5765730556
12.4734780309
16.1525357727
11.380008926
13.6521658528
8.91375475475
10.5770154669
17.7635205114
13.591185596
35.0276261379
18.5584838878
12.1906711331
14.2150143997
21.3112840133
22.5091810627
7.15768136353
11.9553212108
16.4247796151
46.9328733314
9.3232558527
23.1903273792
15.2175928644
25.2269468885
23.0802126225
10.3932311171
21.3876462651
10.7926882245
10.8608980896
69.9248994563
7.86073693556
15.3456933981
15.9003275873
14.3325845336
11.9148216106
8.48980790519
14.2713637927
10.4133296828
44.8686927913
19.6711599822
10.3253565126
17.8251482
12.739046091
19.3528542986
22.5398354106
15.6629575197
14.9031313214
23.1519694764
17.4604724695
16.3663398257
13.5011464206
9.07259457687
19.3595096324
14.2952928816
15.4331805544
33.5874419651
11.5650001178
9.77165644646
8.90006728213
13.2506513821
14.5006653682
13.8993831029
14.7849202742
11.1345245058
18.014439776
11.1776210428
22.2793963256
16.8618671066
17.7177029898
12.9532386815
25.8565143487
14.4434714939
18.7258857329
16.9284418953
19.54722504
13.6548254295
18.7370309251
13.9593817063
13.5579336815
19.4008649086
14.5187305713
22.8452409258
13.9408609084
17.5233443487
10.0241211264
16.5230985142
11.139942449
24.5400123026
24.4965218791
17.5010021936
58.6407272794
12.6636182206
10.8719280494
26.9817977286
11.1283940609
14.9579936982
15.4577135838
24.6244332519
22.6504079732
7.7206957245
13.2298284167
14.3937217023
15.8851125661
13.8380880578
15.2653754671
11.1758023813
18.955527275
20.7202041661
7.3349063778
15.7805118443
39.5589817975
14.0204973794
14.5529739033
7.02288227511
7.83222415611
13.8967720245
22.3171341704
16.9895211863
10.498499201
8.84433586576
13.2078331482
22.0960083176
10.1178376296
11.3649649804
9.11627696667
28.172264586
14.1757052165
22.7098689797
22.5344975382
18.2280788486
11.9381132992
15.53929515
9.7605658811
8.58063002404
15.6150562939
10.2814992862
28.1701869552
19.8794900341
10.4682136549
10.923856725
8.32636781994
47.9733508586
12.7573335053
23.2740288587
16.8598079718
13.3621024965
10.8208885892
7.27075269748
17.5487656234
7.07376644549
15.1433651265
7.79634504592
17.9398296917
16.5958779592
16.9916061636
20.2574357393
8.69620254419
28.3446368127
8.77824697943
35.1880048961
21.0438524821
14.5980422529
12.231007512
35.8524164281
47.3329815098
17.4796991819
33.9785884527
13.9511523396
13.3971581889
14.9055574638
10.8665826479
7.58707457861
10.1401367163
14.1216333276
10.8932655966
15.8829024893
29.1785551959
14.0272997387
18.417821948
12.0324673359
13.450901725
17.722438855
9.66441439092
11.7003711492
22.8577539475
10.0987082229
14.8541704406
35.5202026326
11.9850223287
13.4405488768
30.2241420816
18.1064312979
17.7262337327
12.9393090253
12.3936801843
13.1183601565
10.2121505689
16.204499369
19.7980749901
13.6559808131
10.8200576048
30.4936334794
23.3101299513
20.7662345349
32.0198816277
21.0184872744
10.8909098643
16.1252111963
35.2465990839
26.4628782833
8.56473355257
16.602156964
12.1089018459
16.0780448754
8.62178948402
10.286236715
64.9605106351
17.6885563238
15.6778085954
8.35182203784
7.70561145331
12.0496945261
18.1191135913
24.1044661489
12.8994949965
10.0270838332
20.8637868974
9.43920814789
