23.463195207256
87.31568767355074
17.16254759464121
43.505210847908806
20.39683318526796
95.7872840238986
43.75066479058853
58.22389380722256
61.98365013084787
36.007918417049794
26.33510073477317
30.297654430733022
30.50890382142613
16.07459199500727
45.20522305043329
45.183799618673945
60.02374306180764
20.53613474532124
44.21594070301476
50.371201099470184
64.506843610894
52.23659557369594
47.0310961944152
54.19804093577637
28.432265459066585
64.69896787850612
47.01464740272464
63.21710689611962
28.725994055239987
71.52521800579801
17.590308280791593
66.17715500731029
30.511717311070107
8.575740837508675
41.605411468273964
36.7812590556993
34.36013833708491
30.09544923634744
78.90754665254352
65.17005612940741
40.203272416537736
53.465891035956524
35.67722366174532
37.43606263511635
20.499212966931097
50.53311089007706
15.259642716487209
34.16239522142002
34.695842546751464
59.44217791159137
39.042651395863636
64.07450644829461
42.09261352324163
60.03748322547266
45.930645403130214
28.622996096469993
70.90713584288635
41.31959814627951
57.482298989702045
50.20088185686121
39.38017961279156
74.33266201835629
45.44381271615246
52.88095121964555
57.48598044693706
47.05093490351851
20.52163343220779
64.76746283159687
31.21468215105554
29.34408845784007
58.10542082591146
20.25651650742343
1.3536148996033426
31.741857871722345
30.201564104336413
25.134840758337965
55.377841587893094
37.59003905397207
7.011378731269536
45.63367289650013
42.245690354160786
40.0025740576805
32.228227224253104
65.4368677371992
43.186711598499095
45.262584838450785
14.042719833305165
53.79580896252142
19.31062090837192
25.058681639217042
16.912211474505508
67.69803037131919
9.922128523107414
61.45663307291171
13.376756428478839
25.09816934774714
36.73939790036415
19.23009251013724
13.251790430622368
24.913784465229668
47.06504953767598
58.12226398342801
62.27544191431545
53.39140093521494
12.947957650673873
17.567141856008426
63.84668995941633
57.80734426876681
41.74767696006623
52.56658295111731
75.36989587589184
67.57329162022194
6.311662627349326
62.74735132313275
59.14662344699201
18.948325748320464
59.37377550741485
39.342275946541506
28.9216497919838
56.0462775282731
48.02654920322393
50.34084491086912
12.74423109969205
59.16967915395392
42.88579302042028
4.033661708273291
60.80320276130752
61.32274290504919
59.6485587857828
60.096545641970664
66.54162680775514
50.929072942547656
54.070683964754174
58.37427058168671
32.4846499483958
53.995665033373484
22.760023277560535
34.085092931932046
15.501088742233732
25.08726602090517
31.424505038312827
83.01641961222549
62.09577467070197
33.849975498768565
62.288257429104554
21.178520091486064
27.983059164162473
70.19772019053933
72.92402535489448
55.960165800078485
24.408939009105236
72.36489789286216
56.69151508420591
56.1299814107479
55.12466172679167
71.16078503903489
13.070362229566323
42.30185612203941
59.21159659913652
34.9907493103381
69.03174343637234
87.20710443358097
56.30703208187995
51.788154683515444
37.26481826487244
20.429815631809635
4.7738610316899655
65.30145759937808
67.61587858413529
59.079982527898615
49.901749099256875
56.984381187660716
33.513056977478804
60.626394579292544
56.626826162166545
74.90406785126618
40.59329271432192
63.82334074995839
29.893109893945415
38.744624073579274
54.80070686398405
49.52834784985277
45.21359959645367
43.360469879462755
51.6294446213483
19.556187070209138
52.092445407011425
17.48063566672821
55.953148576715485
25.826349275673955
35.62837205424006
55.253045436216965
33.15246105285896
22.72914954768925
40.98567886408509
22.91234571245565
73.76935666484776
22.292972980670484
63.92366097012256
89.8711375458196
17.236630966509793
23.088327029040823
29.49569478827877
35.612112624875465
11.971977245691615
28.617876701830465
30.248826936723123
66.95459437564612
48.44775441309866
51.54615776502104
30.1843657132641
33.74896114263394
57.05543164824828
27.434802081800505
34.284669474262536
56.67554877978054
32.46788484737787
22.0467617685307
47.12074860861671
40.207647265825365
43.87329627075618
12.082312609528213
60.81001443191545
32.58356823944908
51.7858612857967
22.53811590062416
15.751040696978581
12.442403167337181
56.559253113693856
54.518034553979184
15.582075905011783
10.591234051040672
54.90601322629826
39.15546945054988
38.43744720145279
48.22618242251409
57.02399103654911
21.068141613788534
45.65533185735357
52.20366625902528
50.694953115414094
66.78767137199208
60.97075277480879
72.484599856096
45.04636638864452
28.469473615300274
39.05509934151012
33.027797874178724
70.77333431002417
35.37338417588426
59.51136833841807
53.05089930564042
17.20384716737556
52.00283890090933
19.98717936086349
78.2336340970425
60.977387932642884
5.323428368003465
55.14509716857852
49.435910137596274
33.1321625623675
41.13300844025097
15.170282498153249
14.590156486328487
65.44646916228936
70.618339376434
60.12462473751481
67.66886490607655
53.041473660543936
33.74895135607463
59.51149460470935
55.45530494491534
53.20619026275863
75.90666359401699
45.2305947346334
11.190474885970604
38.851762877738345
74.17223800911974
23.52782217814284
10.230143269361403
64.27404782216932
49.620858028384006
52.18366239045019
63.71384871232268
29.335130881925224
51.939874481417654
30.990763936972847
64.82882735992035
55.32238207153686
48.37635519798151
53.09173461078524
73.96537741806472
29.818149265229522
7.769671908862207
50.00999349543013
57.30570536585104
42.273219455871455
67.33759385928381
63.49124570027337
52.925133323225914
35.814716670607304
42.37468908492292
33.49915552634577
49.87783061198626
70.03236110860956
61.45710519309382
30.942667171288647
38.29417996362415
47.906581330002055
40.8959167613467
37.53833924225079
44.00548231027561
32.28901869389049
22.874429234944834
15.442639642070061
42.61005159518743
49.65644049780872
20.92878473018618
28.83203898738242
17.856235198060535
38.51702372408357
63.598900406573755
37.733623056853695
38.53847124713038
25.775511229624694
12.875396278660327
57.669113610158306
59.15010713971537
61.45819545269061
57.87693185716407
14.339453342109227
63.95511978547161
49.83796937738208
28.49187163986263
26.113857682702854
27.562829159194465
12.697979341443476
31.223930074841835
69.06611753354522
31.610934123103636
66.26252543984243
21.540792983407826
67.29891133582231
22.44433384571533
22.826175988259696
39.14885372812185
13.68719333098851
15.199933786841363
51.96833343122119
45.45987833692509
48.56185387198077
28.85556725276
34.33265683851742
45.8440850505562
54.02371278842049
52.63492185817926
44.6099450140049
76.61418012173228
61.68718534306292
54.82681581727199
82.88938429267635
48.51870672552733
55.74743517256157
21.87255488018658
3.9771574791159976
39.81921506848493
45.33133136555073
42.57479370524577
36.26098593813125
27.298476318337702
55.97749840705679
38.85793465445826
30.854698703143434
60.882524408112445
35.99244184552915
22.999273441639208
32.73518260482128
9.021527713898276
44.2691648816892
69.23634755174518
77.96469740974787
55.627262714343516
11.267965014519755
25.78498620365633
36.54683621144222
56.28934578728711
52.90837990881416
29.740152321122093
44.34458665846986
32.61126395551811
61.89649570283855
12.972100285795102
38.50798475593661
5.299204875911239
27.940949159631494
51.901794170933655
39.31083061889116
44.39736300057054
19.171669723618646
48.1857839657635
51.095618070466266
22.68605101434504
27.313259221817138
26.150549913231764
18.0641316993595
10.162718883982334
56.1825439576702
14.62973260499727
13.630451397118
28.726507780523704
56.88565285441877
73.05456915164355
53.67274371163233
11.719416593609903
44.309850774950064
21.735113132845417
66.96266946288253
41.039771103151374
65.77200749059692
34.65209410873143
74.50554468565333
24.09076880890532
38.14863283092439
59.22415635536325
41.5419911331644
20.665659941832377
34.55339607286058
42.903652384476295
63.190922917963036
56.6817198577056
66.25101046138931
31.225075097796537
51.88040288413044
36.79298176828893
24.748566434152384
21.357001557240604
43.53449685744861
59.338331531984174
41.27155407076361
13.198053011297207
52.1482414276424
35.12231939393112
66.16906307862935
57.95177888187426
20.040545144602625
33.5054811302266
60.109408018088914
26.185783349966876
21.1588955883877
43.90503906947935
57.78141224665997
27.425725165331183
34.72930607323978
49.99286800323727
63.63506686350359
55.72465962212557
32.695178578993634
8.383794234432893
33.18296242172661
36.269945670223855
63.21382318178402
44.31360148684724
42.53290894214176
39.84098719663215
54.12372474946168
37.62648493492106
55.03267817819333
49.41996860382746
28.258733674108793
79.23122450151875
16.010889798944646
86.83090360206899
35.08495343108742
46.47198265362261
49.025849061498946
29.15327276537209
58.75038007203901
24.979547457551455
39.03361139882349
56.2093087617932
19.903976423383853
23.459544597373615
27.4484308043572
35.00247583925751
61.884611711013356
73.5940633515895
29.67571690263486
33.44768560476661
45.35219592688421
33.460116946485805
56.20268981032536
54.71645277674644
56.06543097742866
41.1827434830058
31.67773933553905
31.574652275098025
45.39292199698788
65.37204966159645
42.41119413897067
20.06421652403025
36.55200991177251
31.329613719817967
66.00180980428601
44.30844930405345
52.90013771779058
39.471450682441876
54.665242444771856
57.33723070972526
52.89772683159078
7.999384699494614
51.313221560679686
80.87963465799662
37.3461662580505
60.89335920615596
65.12316855351236
65.51528751432488
34.83830223909907
36.852976276814296
12.689588047431476
42.96005708531075
24.030787795237007
30.894326186180326
22.53579444442125
79.06515653885423
31.726192685990753
55.464833818321175
36.87590061214496
53.67219426103417
40.77263120859787
31.049326968258974
42.95357996454779
37.836357960333196
29.9881370475831
22.578542847926467
58.5453265619216
31.506999300669825
18.91726561806543
37.14950948339497
69.01611295941052
43.570694689537575
62.86015305982212
18.70891388922034
12.193494586755655
29.209015528078936
26.36886690532554
55.89641662708857
90.73264135057214
42.036969192339406
42.84700286484228
62.065155068164856
37.67542654384526
22.673476811760406
6.4633414341259146
62.67208353152143
66.0376659266356
43.865525406728075
64.09236070560675
12.809177637904668
16.381959902527008
81.26105023442157
60.03195334150901
30.607124055528633
23.56590956491819
4.7767032435488765
38.44336850845319
33.59345313128315
31.751848501241508
17.728841807363906
57.464345677358665
67.5226532827958
22.834392844008054
29.23331022784458
39.2730661855956
23.328732678735154
54.07100809101573
89.14456985540522
28.128446225972667
25.076372360528048
6.6656463553763
47.68149174674747
10.437595508201762
66.73964857264039
57.44692722080273
16.056285917903963
45.10177362939194
21.60903875708567
37.4140113252701
63.7573463302943
35.41276984315134
23.31879322618282
47.42635186781431
28.33932564203373
34.73919150047772
4.011954240208561
47.188191680433754
23.73867795122693
25.585850020695336
53.97344221824936
27.642905529600313
37.260895383688016
63.663533479469386
26.69583850173622
36.88796243985393
9.646246958633704
14.867666153412483
51.24319746943557
38.95239744899994
58.95242938634401
55.62661875293133
54.99731179525228
51.822737769696815
34.37722345735251
56.35769288220587
16.29907150220134
14.091912677608518
62.71807647909571
29.43721905795202
20.038511598153566
75.80515112372976
50.87014360159256
41.82895412679442
63.39628306397631
27.948349019413385
48.81022181417273
19.43810707923937
5.4501642065559945
46.57021491598694
49.3526105025727
44.459611286759646
24.857804382285334
59.671156488658355
54.657021915398836
36.38305390186237
18.62521888408727
44.3553860345203
30.206484641431793
46.03522448894011
60.54150600943735
12.519286437590791
19.120106375413318
34.64776547947122
65.69197040375225
28.059866761562738
21.624434815485454
69.23698769162533
59.9505168310183
31.04801223601903
39.75617471184213
22.767811906069618
60.786131361212995
28.34721917633014
31.893164135076407
36.12751869062276
58.884301226986885
52.927370471987764
43.279381381557684
61.69761648945914
51.02700363171952
67.74808883106807
29.871375108321484
26.49137868377851
14.311011405740828
39.43969765234936
61.767749531962394
38.770808390503085
72.38437071370544
47.73931502619929
37.15578719217752
62.913473304555744
31.267588706475774
55.85181284626537
22.504164644623266
51.05378220602304
29.070209334982923
46.410991742923734
46.730901036762425
49.01029605455571
12.910692863344353
5.780911599622839
28.570666128246867
39.44475970590673
29.433515930732025
7.547430083326007
26.308472199369323
58.276883517720634
56.807799719323214
64.39034324443188
58.6810687822811
29.327842769054865
52.120354477158905
32.39982580502541
27.216830468766954
38.30249133641936
57.51664590872527
31.13631774190037
63.67367340424211
50.83606694643961
40.05334210697412
44.29971668804491
17.11299759103394
10.058556362109774
54.57235187752175
64.60319795077129
63.336178714901855
15.409020237431172
28.6855103543164
50.256401414254256
30.441516333222154
51.15130985938621
59.675225329482934
69.36079428926185
40.55716212807774
59.92873480611691
51.307642035062365
27.75317533211001
31.675344949202312
80.26444405536266
37.17201094243153
74.88379101624554
21.560440767055912
58.752254994145154
55.03839950290864
59.45561574667973
41.11783937897885
18.9779943500773
58.72477949796634
64.03301736516028
22.669016488501573
57.40386226147885
50.95623530053699
66.3994264526342
81.71032206834177
22.41028716963526
49.55304473168072
58.52642066476855
65.78155119686711
74.37680888596094
52.54053009611586
29.616878383845645
50.72718685172008
46.436142067489335
60.294800734908904
56.31993040382542
31.24715454503418
42.91066119896414
41.37089092998645
30.35728031758008
11.310799600545858
33.829452510817234
13.185072755724212
37.92617047585956
47.40098046894276
40.00515091364386
48.62006916189989
39.48286826337756
33.28143764541726
50.663787377674495
48.72421846836785
34.50527265023639
36.06006704665418
23.699485296203484
59.095115156220814
48.232430345366026
40.28747284819878
71.77424468874338
60.802597196494
77.1985774043051
63.86705403164319
24.645413649277614
33.52014634201608
69.50557421301134
17.35691142708661
64.99925338220226
31.65953390639097
42.65401805691711
25.64582772024979
24.889831038251277
65.96044732787941
44.173949074103625
47.922347936068206
12.210833613024105
55.15078875441396
39.80181135240346
46.38817534495895
70.63685327895422
46.01388153968528
35.29858648217934
41.04721471219413
27.39166309170989
28.702998657625173
59.976754726800316
39.578320490233175
34.225040882537954
69.18274714274969
46.94120247288097
22.808502817659562
36.447534162688804
65.33195124859374
50.26276489595709
35.866337584461824
46.10432634218115
18.337034788393286
21.024590548900395
55.40246542926735
62.51738567766591
48.63073333318873
64.00769473075222
51.72441722174633
34.85744680267155
74.97515350349157
24.421762547900407
13.243998306817335
62.54637123405349
61.65712365362189
48.9200878994509
27.798951514415645
17.151223542780176
67.31362522154147
57.664854486550894
22.490399136636466
31.882357312789615
5.886511329649304
68.69173343266607
15.60641016806298
34.98438174537365
13.47815078878529
33.105356864424735
46.09262581491437
36.23869950870433
33.62429046060671
25.670086993906384
59.44244416549057
50.262126309585945
39.34635703973681
57.0950684360491
67.83848239800483
25.549382522662665
50.88976065661158
58.33552244972256
42.82803442315855
67.83326430064596
61.301920373105084
10.130972058921081
68.44202046797439
66.42250638907392
63.946485544691605
36.35526478794377
65.19361010975027
19.34925368925019
32.328392220952296
25.437387892210555
72.17691171446057
73.13121392340638
32.36940771408419
68.79654105526225
58.768526846255675
65.41514732742365
44.50633990866731
57.39244677921316
37.564851335074614
58.20409492686117
44.05902935096729
60.112529585978
15.947159600427108
59.299299691628406
39.07093454012342
59.0922414542517
40.30801172803978
42.8974134982601
24.875188471577626
64.75175461462491
64.24157448720194
52.8513287342369
63.317302770760456
65.78709260720616
23.020733061083654
20.111204347021108
35.80606142017649
62.881932433044916
51.092541815212634
57.35303111926163
61.39150591965246
31.991138653441748
42.377839465709954
83.67510929644894
38.11511042340131
60.838532212661036
83.38332139985691
73.93383207890558
52.73147829787606
34.09909296060099
20.22244091969165
50.87239801723354
16.79901304275768
60.86296424563526
39.12514141493235
14.183777918349264
42.436014508736015
79.03815691609803
65.82472536250415
42.23652261239758
68.96072663868675
36.33756152344003
19.797593851355966
27.252184725008977
42.911738058072615
54.00485908406193
27.884403846540593
44.230652643440926
26.984209117171407
26.7912267234087
46.21013862510815
29.07013920946902
17.061380554434336
12.874868551086657
61.77544350194698
15.843036289118281
29.35778065559385
78.22348608477283
71.27627658990637
66.48200070012666
40.51064802547159
33.81277442640696
16.764497309307266
34.172657576730124
18.327259314456036
4.058447080615831
27.58188070117499
66.04746096368197
38.815704051744035
62.21127750609106
63.774375350604565
76.73799536590217
26.280011027874995
31.668217099113004
56.13456889058793
31.70162618988019
54.12505637287195
71.48148154386028
32.33838586820879
38.22078708801992
20.939864301336296
26.97881321461246
16.93814601341216
67.39577188654256
60.53274696024769
45.95227369354006
56.6976188547675
53.61314887723793
28.99175765481003
49.514010506197096
37.04949060417243
74.98884285375289
17.220742528955014
43.7871766378741
35.38765217581937
68.75893987025283
35.19947866600692
67.22159068839589
20.292555734961738
12.311940900036495
32.107630169515986
26.263743644438996
24.08480685664141
37.263410417831196
53.63525410863393
24.970905762624003
16.365844191302475
24.6932609426324
39.107022013249626
9.15941248847839
57.99422503921797
25.193801437796814
39.5069919597191
27.755013019236483
36.05970187532644
22.611575109660205
61.20627807044834
46.4036411641907
8.51929647027026
25.48792299515046
49.946132867700356
30.376990834973185
50.53838968256615
21.11406166947303
27.11312834854094
57.306137500841544
62.33540373046068
50.29250449262547
33.75452246427205
42.65673302243646
64.62064605400116
22.10951879574002
24.948886754857135
63.54701245025406
16.114874306467556
29.322426541037007
37.68914225590292
29.122669312667252
35.49101864631289
