1.1712803749	7
0.872200283281	4
1.07536261142	8
1.01814858728	7
0.881728676843	11
0.845671524504	11
0.727479086367	3
0.642298113581	3
0.826836969257	10
1.09274974898	17
1.17040863879	3
1.14155090161	2
0.865380039929	12
1.01501817072	2
0.725995887894	15
1.08482317068	3
1.03179787691	12
0.793672906004	14
1.17489900003	6
0.890454895482	10
0.873569046015	7
0.754060746657	8
0.981670344663	3
1.29014452947	17
0.878392342887	12
1.38982577603	5
0.74193459254	3
0.726263257805	15
0.972620262299	19
1.01767281505	19
0.869323193226	17
0.717983276326	18
0.72579937433	15
0.712662168555	3
0.581917876768	1
0.871675110569	2
0.839096593403	8
1.00240360256	10
0.902698791811	5
0.825074147584	16
2.22131855885	2
0.603863096916	1
0.863991786122	6
0.812868844851	18
1.05944877215	17
0.551222546141	1
0.857342415816	5
0.942121265473	4
1.35217929093	18
0.82777269616	6
1.1080381817	16
0.723421191714	4
0.987992665038	17
0.985488838738	8
0.833271498372	3
1.16812156676	11
0.631828304603	6
0.672305027877	2
1.11949177692	15
0.820365514398	11
0.918118738925	7
0.677568302205	2
0.723803523772	7
0.867227143116	4
0.807793426044	14
0.857291824738	8
0.951859414007	7
1.00673750794	5
0.868204658002	16
0.783569761428	5
1.03136726354	2
0.754837753991	15
0.903062016279	17
0.707108722013	17
0.835540176866	20
0.872067289116	15
0.716364337214	5
0.889387586172	6
0.891194296728	20
0.747016551115	13
1.0673586374	18
1.02486117231	15
0.865780485195	12
0.816804511533	11
0.828973259013	18
1.2530280354	19
0.801895642411	20
0.998804095845	19
1.28437647825	5
0.92170741144	4
1.06383656964	14
0.847775802585	11
0.824868101842	2
1.26213286244	11
1.88911552959	3
0.922854584272	2
1.53198636296	5
1.14189861373	16
0.987704000765	3
0.85273142826	5
0.731521933808	1
0.71988576319	2
0.783731852377	4
1.26677392551	8
0.946784226993	9
0.948825036003	8
1.38939959324	11
0.853705463336	15
1.12141646415	11
1.1093325477	19
0.734915071271	17
0.70774136008	7
1.37287683954	1
0.879968860832	13
0.888846616838	19
0.888419107521	15
0.732607759341	17
0.844727203382	15
0.735676007936	11
0.936313168867	20
1.22886586741	15
0.888282083618	18
0.950858470934	19
0.759728360835	8
0.774610382277	1
0.973520662284	19
0.739419562686	2
1.01645916546	17
0.965251707408	17
0.786598819616	2
1.08833857646	9
0.815043046058	6
0.891046268586	18
1.48541663834	5
0.744150847759	6
0.825096467722	13
0.921414455782	14
1.0417381512	7
0.902703445752	9
0.741617991427	2
0.803311964337	20
0.779494129166	19
0.75423937608	15
0.911262790317	1
0.852406338919	10
0.828081572492	2
0.841652096601	10
2.59052547715	1
0.883232335921	13
0.723321929338	8
0.76801231406	2
0.941324467603	5
0.963247515086	20
1.3528193095	5
0.75282290205	15
1.06129609954	20
1.12418685404	13
1.33480744862	7
0.92120961806	6
0.861071031646	3
0.995353006442	16
0.986737314131	10
0.834580868254	16
0.736282416794	2
0.885394513838	11
1.03264894854	20
0.968857144102	20
0.811046259901	9
1.1344248176	7
1.02876667293	6
0.915237202653	14
0.754982917145	6
0.837493340113	5
1.12971461678	6
0.823095332363	20
0.954333542763	10
0.86031207997	16
0.934694544478	18
0.770442514964	13
0.901125734864	2
0.763622120181	9
1.26606383488	11
1.10436567428	20
0.84174523673	4
0.873895308221	12
0.881391143888	16
0.29463029788	1
0.80032844972	14
0.93383407484	19
0.941290302935	20
1.09245883333	17
0.755083434673	5
0.950924458917	5
1.09922877259	18
0.966906655914	6
0.984411468096	18
0.879647930121	13
1.28879852879	10
0.754344855411	6
0.745831604728	5
0.814801213273	19
0.822562761227	12
0.758701279973	3
0.827061563432	9
0.791768546022	14
1.11027423187	17
1.11902791608	7
0.931639305959	13
0.980802003429	3
0.964202185024	4
1.29602163203	20
1.20542668917	9
1.04805624541	8
1.03819636052	11
0.84762062836	16
1.4014531324	11
0.740360933171	8
0.839386291524	17
0.956694810676	19
1.1872221954	20
0.644429534163	10
0.824405862233	16
0.886388604557	3
0.808016831517	7
1.10835195092	18
0.811494361777	20
0.7949459933	6
0.798222299438	19
1.03896982152	1
1.32868625827	11
0.798606935241	17
0.854937733646	3
0.89696571562	4
1.05034682947	18
0.81413862927	20
0.995532811299	20
0.992366018641	5
0.898583856795	8
0.948086639522	5
0.812232415724	4
0.4396935	3
0.734280409575	5
0.95592750884	8
1.04386213499	18
0.778005376194	8
0.95803008641	20
1.11401984055	10
0.967400690555	9
0.841139296054	17
1.00180378679	20
0.993334530338	16
0.994013974784	14
1.24684824208	15
1.22019766405	12
0.940212471045	15
0.72447239216	1
1.12751441166	4
0.798365962438	2
1.22083893909	19
0.903387445348	8
0.734860048228	8
1.11193122952	1
0.666147958874	3
1.03180499712	16
0.796226905092	9
0.876801719458	4
1.04501438672	9
1.04032480468	18
0.793410330901	3
0.646586454497	1
0.591269004247	1
0.805086765876	15
0.970068800083	9
0.912143683286	19
1.01509525974	12
1.38319285169	4
1.01420087891	7
0.795580750921	14
0.992786405407	9
0.743545560987	13
0.783079333957	10
1.26563699587	20
1.01118723103	13
0.702976977533	8
1.00951149252	10
0.937705717058	11
1.38616682569	1
1.33723438878	5
0.863580952433	11
0.847091980482	8
0.870799196735	12
0.958330779649	11
0.866213069542	3
1.16134791427	8
1.44331458757	11
0.735418124056	15
1.01932932261	13
0.820194675789	9
0.995578118796	16
0.683887250936	8
1.01681741353	16
0.839481640977	9
1.31197979516	2
1.19638757758	11
0.822970861204	6
0.940686860879	6
1.27655972565	20
0.834312437614	5
1.42962352284	11
1.05878920726	16
0.904362379799	5
0.862568788752	7
0.968630776588	17
0.660557989553	8
1.14928778048	19
0.897787256498	19
0.824762984091	3
0.835679828142	8
0.57631448042	1
1.35704325805	2
0.726268653954	10
1.07367905088	16
0.951724848851	15
3.82033537099	1
1.13788725131	15
0.79535775885	16
0.918422814556	16
0.75719171478	7
0.81575264828	16
1.01860881261	14
1.6320362897	4
0.992971217479	6
0.859756481923	17
0.999760138065	20
0.653699920479	3
0.99823279025	20
0.891100210318	18
1.00677270533	13
0.880580105715	2
0.867342431522	17
0.754215979868	9
1.21169714362	10
1.10602565275	19
0.766533723936	13
0.946074100921	7
0.730701706699	15
1.00346185073	3
0.857625534211	11
0.893097196803	17
0.656235246952	1
0.751626912205	8
0.812594216604	12
0.827654422454	7
0.952075177741	10
1.04373304997	20
0.837711989779	6
0.837394374354	16
1.26954726483	6
1.04131261007	11
0.887624764814	1
0.720261955356	7
0.956049460109	12
0.793426083678	2
1.15183553596	20
1.0826040763	6
0.978194030686	15
0.687540625381	13
0.936507037455	11
1.12010669693	13
0.949508238024	7
0.780274002344	15
1.32075256556	20
0.939704686343	19
1.11469953554	20
0.827783761095	7
0.971585639044	19
0.811110326064	11
1.41398769518	18
1.49890096389	8
0.835300687089	16
0.866066346621	15
1.19370833474	8
0.585929069544	2
0.71262322586	11
1.15153338137	9
0.926819790114	7
0.898462143422	10
0.948923200215	3
1.51515365792	15
1.03052183965	3
0.772505974636	18
0.838705029024	18
1.96090030547	4
0.782485558488	15
0.887479792307	7
0.933035201304	20
1.82571631489	5
0.91202843696	16
0.824288698747	12
0.840693849475	12
0.675622888428	8
0.908003963194	13
0.700533723162	2
0.890809006972	17
0.974921084498	19
1.37189884314	12
0.930113660958	5
1.02880469839	6
0.748241295812	6
0.882025207402	3
0.952138641087	12
1.03107900907	6
1.1762567548	18
0.78442510871	16
0.869394208775	20
0.851915916848	18
0.641986022314	15
0.734592014822	2
0.737128252055	15
0.790090408543	19
1.11625239724	2
0.722351738276	16
0.832629964344	7
0.811813823232	6
0.855720439708	18
1.32232842119	20
0.756783458238	5
0.779456899268	8
0.768625494004	19
0.826959874407	20
1.04892813781	2
0.879870893953	15
0.845229767728	19
0.851518271506	2
0.835996502172	16
0.871415729055	14
0.751581968189	2
0.891166078176	17
1.18054428748	15
0.761373202799	4
0.898805700504	10
0.809029836492	20
0.873453045921	6
0.886248739091	12
1.01481156504	6
0.887276680381	2
0.768844125576	8
0.894382895129	13
0.948974787084	18
1.58919009391	19
1.79095199496	1
1.30839301333	18
1.80499073809	2
1.06423212376	1
0.87632130995	11
0.79386282172	20
1.12863866527	7
0.607854935077	2
0.934799060929	13
0.726631769169	20
0.793839725404	10
0.904395076878	11
0.780280926523	13
0.917096563616	14
0.847579279575	13
1.00622886644	15
0.867597706431	7
0.843597176157	8
0.955083908943	1
0.943093095425	16
1.68444694081	8
0.853279077648	13
1.2074808798	19
1.3337023763	8
1.03824429242	20
0.932705911546	7
0.666818298921	4
0.608350598368	1
0.815587252798	2
0.919385910006	6
0.901230699858	15
0.728475702234	9
0.796087346382	4
0.960243116942	14
1.02919698251	2
0.732709082025	1
0.798006691651	15
0.787034247821	9
0.583952137805	3
1.41418072239	11
1.02069997334	5
0.775512282769	4
1.19341639293	2
0.923660324248	11
1.16273989702	9
1.08698741824	9
0.838109030614	12
1.20547936706	18
0.733961189939	1
0.802979977291	11
0.812369478655	9
0.988984205296	15
0.871058045982	15
0.765987717696	17
1.46165009432	5
0.797191746085	4
0.854971306861	8
1.47235412665	13
0.89470594644	20
0.903193061496	2
0.86065904672	6
1.26439376604	7
0.576828653963	3
1.47666870237	11
0.860204286765	10
0.896586521729	16
1.03553313862	7
0.798187134254	16
0.773842957166	6
0.75843072647	8
0.840272970317	4
1.11832515431	17
1.05539624813	5
0.795257613967	14
1.05734150519	9
0.732913015651	11
0.83881414342	4
1.76512440438	2
0.568920499826	1
0.985046264035	13
1.20159782408	9
1.22495389396	11
1.03095215045	8
1.295749406	1
1.0268110113	2
1.20055207787	12
0.836551714911	18
1.05739337531	15
1.02558616255	13
0.634645216337	2
0.808203780217	11
0.915141195144	13
1.31140962258	8
0.958604958862	9
1.04070633674	17
0.796447193878	5
0.738200990779	15
1.08379735926	20
0.865281493564	11
1.17603372152	11
0.828294584064	19
0.832843530824	6
1.10385217551	3
0.797609770652	20
0.624019842391	1
0.744610107175	1
0.774471755345	11
0.770154028712	9
0.881029346642	13
0.91778105042	7
1.19377330883	11
0.771149913944	12
0.802294643792	1
0.964759581894	7
0.954023937813	3
0.826179489699	11
0.762909877582	20
0.881108861537	19
0.999337346185	16
0.939348944887	6
0.799477008735	8
0.761169272256	17
0.795237613424	7
1.24219992108	18
0.827711277206	10
0.887079091278	13
0.659753238826	2
1.03060400696	1
0.804434663486	5
1.18653857065	11
0.930924530531	5
0.934894154338	8
0.873818800478	11
0.747474296145	11
0.927736713513	12
1.03232162724	10
0.705662404389	2
0.961280938967	12
0.665144230998	3
1.0402738755	4
0.868696916852	12
0.855692130293	15
0.83073085968	13
0.879684856322	12
0.762757869649	12
1.152898741	13
0.879587396629	17
0.724030517664	4
0.932275519532	7
1.25171729975	7
0.957622186082	9
0.726344868045	5
0.93347937669	8
0.99137936258	12
0.854889301709	18
0.757946736836	19
0.828865237498	9
0.820083734479	13
0.643465116721	9
0.901270253476	8
0.808187532953	9
0.625332840788	2
0.921950828767	14
0.875358189829	18
0.952684529616	9
1.13505612244	10
1.56915371926	3
0.692010778512	7
0.888259561971	15
1.03290718325	3
0.609570556783	2
0.99103705334	16
0.98504380999	12
1.20896255555	7
0.829758353071	12
0.797613068888	8
1.02827045547	14
0.899185707091	7
1.01342083342	14
0.715603616956	8
1.04353608261	10
0.856858893913	7
0.933078541888	16
0.901374607176	9
0.497721678063	1
1.01150118638	11
0.678977185427	20
1.10620677315	9
0.976025085257	18
0.828196125765	19
1.02228949848	18
0.374365184679	1
1.01879892271	17
1.01739134519	6
1.04159221695	14
0.884055140075	3
3.8867367334	1
0.654945571535	2
0.833932037481	10
0.755487186445	15
0.976066866446	2
0.807186580157	10
1.19166693036	12
1.02989217105	7
0.958643918833	19
0.971133191189	8
0.875812889545	10
1.05123113066	7
0.860042082704	19
0.866665852551	9
0.800352649596	4
1.06070585208	4
0.862405070397	16
0.894296721232	7
0.825080251755	11
0.889181761988	13
1.2942027211	19
0.810308142922	2
1.11179109305	1
1.0023081937	15
1.15824904707	5
0.92790040065	15
0.97864317148	15
1.05819539407	1
0.589059374036	6
0.794498294413	4
0.758983135761	11
1.0684867763	19
1.14908131319	7
1.047296146	10
1.2556825728	13
1.20026631544	20
0.772340387579	15
0.934164530939	19
1.01559735616	1
0.773269031583	10
0.811417256378	13
1.26113160028	20
0.830561592041	6
0.961371922481	19
0.799031233518	1
1.09073410829	16
0.724284054808	1
0.991540258154	9
0.950082653199	9
0.903540993241	8
0.678986066136	5
0.882027892686	7
0.805593131067	6
1.23264660168	3
0.819993632309	11
0.961973826153	20
0.553183419457	2
0.918661945917	2
0.806996318795	11
1.13636530962	19
0.983314384804	15
0.896711743715	7
0.860034237677	18
1.08398349849	7
0.845225238599	15
0.681361602584	19
0.80350230115	17
0.922676335153	11
0.998322169712	11
0.905070129545	19
0.866243066297	9
0.836632213969	12
1.00075668754	14
0.728386289333	5
0.730659947524	8
1.00677425216	15
0.740982110325	13
1.01478918415	14
1.44790232532	5
0.925538581269	17
0.76349856606	18
0.828658614729	16
1.01500165339	19
0.672485509156	2
1.05854432381	17
0.96873597741	14
1.01978534899	16
1.13971501677	7
0.565861739139	2
0.926976413749	20
0.862090185266	1
0.92591392698	4
1.44689762672	12
0.984925664491	19
0.889231687269	19
0.906980424116	7
0.846789178716	15
0.912585454507	17
0.937418417538	14
1.25054384642	19
0.880682026094	17
0.864937315604	2
0.890311533457	13
1.07634137571	16
0.819917044219	7
0.926190030216	7
0.872704420825	12
0.88416368423	9
0.760108391242	20
0.541513497344	1
1.10843987775	13
1.18646449929	11
0.847287004022	7
0.978618055852	10
0.808385146319	12
0.876079650447	16
0.98783226641	2
0.709411065978	8
1.13520335728	17
1.18528098928	7
0.713290659222	3
1.37701569566	19
0.857743657635	11
0.798380184543	18
0.662115546668	7
0.927130542267	20
1.46148844448	7
1.48759154531	19
0.744349446964	1
1.63519485824	4
0.918658834438	6
1.10654655693	11
2.26245378272	4
1.04158834285	15
0.945118852117	16
0.841285323954	18
0.888203148666	20
1.01679050767	18
0.993397886357	19
1.57464508001	6
1.11101325496	2
0.79207892662	6
0.827369690634	11
0.737420733907	17
0.999439678316	18
1.296721979	4
0.814193503912	6
0.731164713642	9
0.766231318575	12
0.878209904867	6
0.704292374291	3
0.778781350608	14
0.982467619055	17
0.66937153833	10
1.02766684972	14
0.586296719033	3
0.783614917336	11
1.04198145822	11
0.999619832952	1
2.4887247247	3
0.713418511881	7
0.993393780337	17
0.830644714083	11
0.936680446935	14
1.07469636353	14
0.839464775806	4
0.881467485607	3
0.956575471183	14
0.901621925741	20
1.00997967015	20
0.917171236756	18
0.677170060889	6
0.836037118864	3
1.04279884269	12
0.872576541879	9
1.27798092448	5
1.19483273459	16
0.836538389789	5
0.720840518373	4
0.88772317838	12
1.14170226177	13
0.918794315567	13
0.971206232871	15
3.83226385462	1
0.910774566272	1
0.626270303621	3
0.758166934165	10
0.829492829732	18
0.79868577604	10
0.999343668171	14
1.01573488091	3
0.770245102151	19
0.996362076258	11
1.28613091492	17
0.959140833355	16
0.854384203405	16
0.945736353364	11
0.748632937453	9
0.782232428605	8
1.03455652564	7
1.16298505113	15
0.957923405813	20
0.761417982654	19
0.507718873132	2
0.873613171454	11
0.825889863935	10
0.94756530062	17
0.682895316404	7
0.782147780422	20
1.04670621057	9
0.990672147863	14
0.761717471987	14
0.477178580877	1
0.99854578144	1
0.953921603463	15
0.928092861083	19
1.0395620457	19
0.926506534126	17
0.987959166041	16
0.851574704216	16
1.34249893325	17
0.805811032989	9
0.69778127464	5
0.720794834876	12
0.400358055001	1
1.18343782071	2
0.895951001839	3
0.99910506457	16
0.937732174506	8
1.36904798234	1
1.02804613573	14
0.877114575027	16
0.902409075767	6
0.812342066494	20
0.955302684596	17
0.969440629879	19
0.93332522952	19
0.988310914228	20
0.867515923952	9
1.12587235509	20
0.794011501676	17
1.38742411101	13
0.932250383205	3
0.717652146951	11
0.952120777688	18
0.597470151695	1
0.78503235743	7
0.963457071564	10
0.802909418455	13
0.871798101894	2
0.973749675818	19
0.843756813274	17
1.19798285646	18
0.820061526726	13
0.747469059578	9
1.08325879732	16
0.893985757518	11
1.04902011033	4
0.824853829912	17
0.818369620712	13
0.905345727595	16
0.993537587491	17
2.60415121653	1
1.04776005754	12
0.953616907296	13
0.984267060432	20
1.41721471657	8
0.747309189447	12
0.73034769722	5
0.515539459843	4
0.827434728144	13
0.601542952831	4
0.670925922431	2
1.03990218012	14
0.939964039643	7
1.03910286167	5
0.818133501751	16
0.828006021818	3
1.05444376973	16
0.912527664439	8
0.870766776184	18
0.702895031396	2
0.897241863239	7
0.826032352798	20
0.861787953137	13
1.28144232379	19
1.14545609941	10
0.847045276575	12
0.867656986983	16
1.1809978863	13
0.817301590655	4
1.06884399905	15
0.870573272435	12
0.96415224076	8
0.904029180356	2
1.20039981008	18
0.889705965542	6
0.858505715812	10
0.718099349316	1
0.929101383293	14
0.923112416963	16
0.799135189187	6
0.920493729891	7
1.16039797632	7
0.892029306573	15
0.821210601582	14
1.06077034979	7
0.627118620574	4
0.917899416607	4
0.903998809325	16
0.931643503342	19
0.921734463947	8
1.14176554263	6
0.787139806624	7
0.870676879577	20
1.28684356793	15
0.954611335485	16
0.846899764615	16
0.997862454714	19
0.914006692648	16
1.07395733623	13
1.17230725584	18
0.85437625198	9
0.943503209158	14
0.907024981074	18
0.749840172472	3
0.921288838343	17
1.04144053292	17
1.15827504914	6
0.887316975671	10
0.69801911956	6
0.671522261501	2
1.35140298546	8
0.825692600795	8
0.790556705529	6
1.07317195045	19
0.743861660543	10
0.777532392495	18
0.93357367209	10
1.07632205758	7
1.04407903407	2
1.1942329065	15
0.84686298847	15
0.830055518537	13
0.799504833698	4
0.846957601271	16
0.966727619516	14
0.805798080366	18
0.85399397088	5
0.863481481496	18
0.841752757224	5
0.740653119215	7
1.33139024873	6
2.23953508498	3
