0.0	0.0
0.5	0.0007609581393978293
1.0	0.005355297389629649
1.5	0.015918679422646544
2.0	0.03327390841630252
2.5	0.057379836272256395
3.0	0.087657117490841
3.5	0.12322078878437911
4.0	0.16304288580717535
4.5	0.2060629941473017
5.0	0.2512604659268461
5.5	0.2976987785252809
6.0	0.3445499775458651
6.5	0.3911051801961714
7.0	0.43677559670323834
7.5	0.4810873599987916
8.0	0.5236725613316485
8.5	0.564258211228064
9.0	0.6026543335539805
9.5	0.6387420176826977
10.0	0.6724619703380881
10.5	0.7038039013662228
11.0	0.7327969283592403
11.5	0.7595010796000852
12.0	0.7839999022690727
12.5	0.8063941348008808
13.0	0.8267963722097912
13.5	0.8453266361507592
14.0	0.8621087536891012
14.5	0.8772674473764205
15.0	0.8909260421583763
15.5	0.9032047003085688
16.0	0.9142191028541929
16.5	0.924079504018436
17.0	0.932890093481406
17.5	0.940748609368359
18.0	0.947746152559703
18.5	0.9539671600297956
19.0	0.9594895013808803
19.5	0.9643846685152871
20.0	0.9687180334889673
20.5	0.972549154041206
21.0	0.9759321101422062
21.5	0.9789158581933236
22.0	0.9815445923088844
22.5	0.9838581044588975
23.0	0.9858921372120776
23.5	0.9876787244387747
24.0	0.9892465166602292
24.5	0.9906210888061912
25.0	0.9918252290052596
25.5	0.9928792077147428
26.0	0.993801027028837
26.5	0.9946066504109887
27.0	0.9953102134004671
27.5	0.9959242160632964
28.0	0.9964596981098033
28.5	0.9969263976986618
29.0	0.9973328950018215
29.5	0.9976867416255354
30.0	0.9979945769777007
30.5	0.9982622326472993
31.0	0.9984948258231267
31.5	0.9986968427304472
32.0	0.9988722130091183
32.5	0.9990243758977334
33.0	0.9991563390275787
33.5	0.9992707305692531
34.0	0.9993698454149175
34.5	0.999455686021171
35.0	0.9995299984821743
35.5	0.9995943043502388
36.0	0.9996499286719607
36.5	0.9996980246622289
37.0	0.9997395953960926
37.5	0.9997755128595209
38.0	0.9998065346644056
38.5	0.9998333187006135
39.0	0.9998564359683484
39.5	0.9998763818073049
40.0	0.9998935857149625
40.5	0.9999084199246117
41.0	0.9999212068942117
41.5	0.9999322258396932
42.0	0.9999417184307164
42.5	0.9999498937529696
43.0	0.9999569326287064
43.5	0.9999629913762114
44.0	0.9999682050791201
44.5	0.9999726904278767
45.0	0.9999765481879612
45.5	0.9999798653427711
46.0	0.9999827169530843
46.5	0.9999851677697852
47.0	0.9999872736319205
47.5	0.9999890826780932
48.0	0.999990636395643
48.5	0.9999919705289364
49.0	0.9999931158653512
49.5	0.9999940989151436
50.0	0.9999949424992904
50.5	0.999995666257565
51.0	0.9999962870875014
51.5	0.999996819523514
52.0	0.999997276064209
52.5	0.9999976674548716
53.0	0.9999980029311855
53.5	0.9999982904294336
54.0	0.9999985367677336
54.5	0.9999987478022505
55.0	0.9999989285617977
55.5	0.9999990833637855
56.0	0.9999992159140703
56.5	0.9999993293929167
57.0	0.9999994265289827
57.5	0.9999995096629806
58.0	0.9999995808024382
58.5	0.9999996416687948
59.0	0.9999996937378922
59.5	0.9999997382747797
60.0	0.9999997763636246
60.5	0.9999998089334105
61.0	0.99999983678001
61.5	0.9999998605851415
62.0	0.9999998809326435
62.5	0.9999998983224461
63.0	0.9999999131825607
63.5	0.999999925879367
64.0	0.9999999367264396
64.5	0.9999999459921165
65.0	0.9999999539059908
65.5	0.9999999606644754
66.0	0.999999966435574
66.5	0.9999999713629695
67.0	0.9999999755695274
67.5	0.9999999791602971
68.0	0.9999999822250837
68.5	0.999999984840649
69.0	0.9999999870725983
69.5	0.9999999889769934
70.0	0.999999990601736
70.5	0.9999999919877492
71.0	0.9999999931699908
71.5	0.9999999941783184
72.0	0.9999999950382309
72.5	0.9999999957715024
73.0	0.9999999963967234
73.5	0.9999999969297655
74.0	0.9999999973841763
74.5	0.9999999977715198
75.0	0.9999999981016644
75.5	0.9999999983830316
76.0	0.9999999986228065
76.5	0.9999999988271201
77.0	0.9999999990012016
77.5	0.9999999991495119
78.0	0.9999999992758556
78.5	0.9999999993834773
79.0	0.999999999475144
79.5	0.9999999995532144
80.0	0.9999999996197001
80.5	0.9999999996763156
81.0	0.9999999997245224
81.5	0.9999999997655664
82.0	0.999999999800509
82.5	0.9999999998302551
83.0	0.9999999998555756
83.5	0.9999999998771275
84.0	0.9999999998954703
84.5	0.9999999999110806
85.0	0.9999999999243647
85.5	0.9999999999356682
86.0	0.9999999999452862
86.5	0.999999999953469
87.0	0.9999999999604305
87.5	0.9999999999663525
88.0	0.9999999999713901
88.5	0.9999999999756749
89.0	0.9999999999793191
89.5	0.9999999999824185
90.0	0.9999999999850543
90.5	0.9999999999872956
91.0	0.9999999999892015
91.5	0.9999999999908219
92.0	0.9999999999921996
92.5	0.9999999999933709
93.0	0.9999999999943666
93.5	0.9999999999952129
94.0	0.9999999999959325
94.5	0.999999999996544
95.0	0.9999999999970637
95.5	0.9999999999975054
96.0	0.9999999999978807
96.5	0.9999999999981997
97.0	0.9999999999984709
97.5	0.999999999998701
98.0	0.9999999999988968
98.5	0.9999999999990631
99.0	0.9999999999992042
99.5	0.9999999999993242
100.0	0.999999999999426
100.5	0.9999999999995126
101.0	0.9999999999995861
101.5	0.9999999999996486
102.0	0.9999999999997017
102.5	0.9999999999997466
103.0	0.999999999999785
103.5	0.9999999999998174
104.0	0.999999999999845
104.5	0.9999999999998683
105.0	0.9999999999998883
105.5	0.9999999999999052
106.0	0.9999999999999195
106.5	0.9999999999999317
107.0	0.999999999999942
107.5	0.9999999999999508
108.0	0.9999999999999583
108.5	0.9999999999999645
109.0	0.99999999999997
109.5	0.9999999999999744
110.0	0.9999999999999784
110.5	0.9999999999999817
111.0	0.9999999999999845
111.5	0.9999999999999868
112.0	0.9999999999999888
112.5	0.9999999999999905
113.0	0.9999999999999918
113.5	0.9999999999999931
114.0	0.9999999999999942
114.5	0.9999999999999951
115.0	0.9999999999999958
115.5	0.9999999999999964
116.0	0.999999999999997
116.5	0.9999999999999974
117.0	0.9999999999999978
117.5	0.9999999999999982
118.0	0.9999999999999983
118.5	0.9999999999999987
119.0	0.9999999999999988
119.5	0.9999999999999991
120.0	0.9999999999999992
120.5	0.9999999999999992
121.0	0.9999999999999993
121.5	0.9999999999999996
122.0	0.9999999999999996
122.5	0.9999999999999997
123.0	0.9999999999999997
123.5	0.9999999999999997
124.0	0.9999999999999998
124.5	0.9999999999999998
125.0	0.9999999999999998
125.5	0.9999999999999998
126.0	0.9999999999999998
126.5	0.9999999999999998
127.0	0.9999999999999998
127.5	1.0
128.0	1.0
128.5	1.0
129.0	1.0
129.5	1.0
130.0	1.0
130.5	1.0
131.0	1.0
131.5	1.0
132.0	1.0
132.5	1.0
133.0	1.0
133.5	1.0
134.0	1.0
134.5	1.0
135.0	1.0
135.5	1.0
136.0	1.0
136.5	1.0
137.0	1.0
137.5	1.0
138.0	1.0
138.5	1.0
139.0	1.0
139.5	1.0
140.0	1.0
140.5	1.0
141.0	1.0
141.5	1.0
142.0	1.0
142.5	1.0
143.0	1.0
143.5	1.0
144.0	1.0
144.5	1.0
145.0	1.0
145.5	1.0
146.0	1.0
146.5	1.0
147.0	1.0
147.5	1.0
148.0	1.0
148.5	1.0
149.0	1.0
149.5	1.0
